{"index.js":"function largestOfFour(arr) {\n  // You can do this!\n  let greatestNum = arr[0][0];\n  let chosenArray = [];\n  for (let i = 0; i <= arr.length - 1; i++) {\n    for (let j = 0; j <= arr[i].length - 1; j++) {\n      if(arr[i][j] > greatestNum) {\n        greatestNum = arr[i][j];\n      }\n      if (j == arr[i].length - 1) {\n        chosenArray.push(greatestNum);\n        if (i < arr[i].length - 1) {\n          greatestNum = arr[i+1][0];\n        }\n      console.log(chosenArray);\n      }\n      if (i == arr.length - 1 && j == arr[i].length - 1) {\n        arr = [...chosenArray];\n      } \n    }\n  }\n  return arr;\n}\n\nlargestOfFour([[4, 5, 1, 3], [13, 27, 18, 26], [32, 35, 37, 39], [1000, 1001, 857, 1]]);\nlargestOfFour([[13, 27, 18, 26], [4, 5, 1, 3], [32, 35, 37, 39], [1000, 1001, 857, 1]])"}